Tetrahedron gluing:
  Tet  |  glued to:      (012)      (013)      (023)      (123)
  -----+-------------------------------------------------------
    0  |               2 (321)    1 (102)    2 (023)    1 (123)
    1  |               0 (103)    1 (302)    1 (130)    0 (123)
    2  |               3 (230)    3 (013)    0 (023)    0 (210)
    3  |               4 (103)    2 (013)    2 (201)    4 (123)
    4  |               4 (320)    3 (102)    4 (210)    3 (123)

Vertices:
  Tet  |  vertex:    0   1   2   3
  -----+--------------------------
    0  |             0   0   0   0
    1  |             0   0   0   0
    2  |             0   0   0   0
    3  |             0   0   0   0
    4  |             0   0   0   0

Edges:
  Tet  |  edge:   01  02  03  12  13  23
  -----+--------------------------------
    0  |           0   1   2   2   3   0
    1  |           0   3   0   2   3   0
    2  |           4   1   2   2   1   0
    3  |           4   1   2   5   1   4
    4  |           4   5   5   5   1   4

Triangles:
  Tet  |  face:  012 013 023 123
  -----+------------------------
    0  |           0   1   2   3
    1  |           1   4   4   3
    2  |           5   6   2   0
    3  |           7   6   5   8
    4  |           9   7   9   8


# isomorphism signature: fLAMcbcbdeehxjqhr


# downward Hasse diagram (with multiple edges removed)
[
# tetrahedra to triangles
[[3, 2, 1, 0], [3, 1], [0, 2, 6, 5], [8, 5, 6, 7], [8, 7]]
# triangles to edges
[[2, 1, 0], [3, 2, 0], [0, 2, 1], [0, 3, 2], [3], [2, 1, 4], [1, 2, 4], [5, 1, 4], [4, 1, 5], [4]]
]


Morse function ([i,j] means j-th face of dimension i):

[[3, 3], [2, 7], [3, 4], [2, 6], [3, 2], [2, 0], [3, 0], [2, 1], [3, 1], [1, 5], [2, 8], [2, 9], [1, 4], [2, 5], [1, 1], [2, 2], [1, 2], [2, 3], [1, 3], [2, 4], [1, 0], [0, 0]]


critical triangle(s):   [9]     critical edges: [0]


oriented boundaries of triangles (k-th entry [[i_0,s_0],[i_1,s_1],[i_2,s_2]]: i_j = j-th edge of triangle k, s_j = orientation of i_j)

[[2, 1], [1, -1], [0, 1]]
[[3, 1], [2, -1], [0, 1]]
[[0, -1], [2, -1], [1, 1]]
[[0, -1], [3, -1], [2, 1]]
[[3, 1], [0, -1], [0, -1]]
[[2, -1], [1, -1], [4, 1]]
[[1, -1], [2, -1], [4, 1]]
[[5, 1], [1, 1], [4, 1]]
[[4, -1], [1, -1], [5, -1]]
[[5, 1], [5, 1], [4, -1]]


induced boundary operator between critical triangles (columns) and critical edges (rows)

[-29]